4.43E-02	0.8228
4.51E-02	0.825
4.59E-02	0.8255
4.68E-02	0.8258
4.77E-02	0.8263
4.86E-02	0.8281
4.96E-02	0.8347
5.06E-02	0.8428
5.17E-02	0.8483
5.28E-02	0.8505
5.39E-02	0.8497
5.51E-02	0.8489
5.64E-02	0.8519
5.77E-02	0.8566
5.90E-02	0.8647
6.05E-02	0.8797
6.20E-02	0.897
6.36E-02	0.9173
6.53E-02	0.94
6.70E-02	0.9679
6.89E-02	1.0093
7.08E-02	1.0536
7.29E-02	1.0986
7.38E-02	1.1183
7.51E-02	1.1449
7.75E-02	1.1885
8.00E-02	1.2273
8.27E-02	1.2629
8.55E-02	1.3117
8.86E-02	1.3807
9.18E-02	1.4091
9.30E-02	1.4028
9.54E-02	1.3948
9.92E-02	1.3964
1.03E-01	1.4047
1.08E-01	1.3981
1.10E-01	1.3886
1.13E-01	1.3806
1.14E-01	1.3772
1.18E-01	1.3783
1.21E-01	1.3929
1.24E-01	1.4061
1.27E-01	1.3999
1.30E-01	1.3777
1.31E-01	1.3607
1.32E-01	1.3389
1.33E-01	1.321
1.35E-01	1.303
1.36E-01	1.2871
1.37E-01	1.2849
1.38E-01	1.2851
1.39E-01	1.297
1.39E-01	1.3151
1.41E-01	1.3575
1.43E-01	1.413
1.44E-01	1.4525
1.44E-01	1.4845
1.45E-01	1.5157
1.46E-01	1.5484
1.47E-01	1.5729
1.48E-01	1.5915
1.48E-01	1.6021
1.49E-01	1.6077
1.49E-01	1.6156
1.51E-01	1.622
1.53E-01	1.6311
1.54E-01	1.6345
1.55E-01	1.6363
1.57E-01	1.6353
1.58E-01	1.6309
1.59E-01	1.6214
1.61E-01	1.5818
1.63E-01	1.5482
1.65E-01	1.5225
1.67E-01	1.5027
1.69E-01	1.487
1.71E-01	1.4743
1.73E-01	1.4635
1.75E-01	1.4543
1.77E-01	1.4462
1.79E-01	1.439
1.81E-01	1.4326
1.83E-01	1.4268
1.85E-01	1.4215
1.87E-01	1.4167
1.89E-01	1.4122
1.91E-01	1.4081
1.93E-01	1.4043
1.95E-01	1.4007
1.97E-01	1.3974
1.99E-01	1.3943
2.01E-01	1.3914
2.02E-01	1.3901
2.10E-01	1.3801
2.50E-01	1.3509
3.00E-01	1.3339
3.50E-01	1.3249
3.90E-01	1.3203
4.00E-01	1.3194
4.10E-01	1.3185
4.20E-01	1.3177
4.30E-01	1.317
4.40E-01	1.3163
4.50E-01	1.3157
4.60E-01	1.3151
4.70E-01	1.3145
4.80E-01	1.314
4.90E-01	1.3135
5.00E-01	1.313
5.10E-01	1.3126
5.20E-01	1.3121
5.30E-01	1.3117
5.40E-01	1.3114
5.50E-01	1.311
5.60E-01	1.3106
5.70E-01	1.3103
5.80E-01	1.31
5.90E-01	1.3097
6.00E-01	1.3094
6.10E-01	1.3091
6.20E-01	1.3088
6.30E-01	1.3085
6.40E-01	1.3083
6.50E-01	1.308
6.60E-01	1.3078
6.70E-01	1.3076
6.80E-01	1.3073
6.90E-01	1.3071
7.00E-01	1.3069
7.10E-01	1.3067
7.20E-01	1.3065
7.30E-01	1.3062
7.40E-01	1.306
7.50E-01	1.3059
7.60E-01	1.3057
7.70E-01	1.3055
7.80E-01	1.3053
7.90E-01	1.3051
8.00E-01	1.3049
8.10E-01	1.3047
8.20E-01	1.3046
8.30E-01	1.3044
8.40E-01	1.3042
8.50E-01	1.304
8.60E-01	1.3039
8.70E-01	1.3037
8.80E-01	1.3035
8.90E-01	1.3033
9.00E-01	1.3032
9.10E-01	1.303
9.20E-01	1.3028
9.30E-01	1.3027
9.40E-01	1.3025
9.50E-01	1.3023
9.60E-01	1.3022
9.70E-01	1.302
9.80E-01	1.3019
9.90E-01	1.3017
1.00E+00	1.3015
1.01E+00	1.3014
1.02E+00	1.3012
1.03E+00	1.301
1.04E+00	1.3009
1.05E+00	1.3007
1.06E+00	1.3005
1.07E+00	1.3003
1.08E+00	1.3002
1.09E+00	1.3
1.10E+00	1.2998
1.11E+00	1.2997
1.12E+00	1.2995
1.13E+00	1.2993
1.14E+00	1.2991
1.15E+00	1.299
1.16E+00	1.2988
1.17E+00	1.2986
1.18E+00	1.2984
1.19E+00	1.2982
1.20E+00	1.298
1.21E+00	1.2979
1.22E+00	1.2977
1.23E+00	1.2975
1.24E+00	1.2973
1.25E+00	1.2971
1.26E+00	1.2969
1.27E+00	1.2967
1.28E+00	1.2965
1.29E+00	1.2963
1.30E+00	1.2961
1.31E+00	1.2959
1.32E+00	1.2957
1.33E+00	1.2955
1.34E+00	1.2953
1.35E+00	1.2951
1.36E+00	1.2949
1.37E+00	1.2946
1.38E+00	1.2944
1.39E+00	1.2941
1.40E+00	1.2939
1.41E+00	1.2937
1.42E+00	1.2934
1.43E+00	1.2931
1.44E+00	1.2929
1.45E+00	1.2927
1.46E+00	1.2924
1.47E+00	1.2921
1.48E+00	1.292
1.49E+00	1.2918
1.50E+00	1.2916
1.52E+00	1.2914
1.53E+00	1.2912
1.54E+00	1.2909
1.56E+00	1.2903
1.59E+00	1.2897
1.61E+00	1.289
1.65E+00	1.2879
1.68E+00	1.287
1.70E+00	1.2863
1.73E+00	1.2853
1.76E+00	1.2843
1.80E+00	1.2828
1.83E+00	1.2816
1.84E+00	1.2811
1.85E+00	1.2807
1.86E+00	1.2805
1.86E+00	1.2802
1.87E+00	1.2797
1.89E+00	1.2788
1.91E+00	1.278
1.92E+00	1.2771
1.94E+00	1.2762
1.96E+00	1.2756
1.98E+00	1.275
2.00E+00	1.2744
2.02E+00	1.2736
2.04E+00	1.2728
2.06E+00	1.2718
2.08E+00	1.2707
2.11E+00	1.2694
2.13E+00	1.2677
2.15E+00	1.2663
2.17E+00	1.2648
2.19E+00	1.2633
2.22E+00	1.2609
2.24E+00	1.2591
2.25E+00	1.2587
2.25E+00	1.2582
2.26E+00	1.2573
2.27E+00	1.2564
2.29E+00	1.2545
2.31E+00	1.2525
2.33E+00	1.2504
2.35E+00	1.2482
2.37E+00	1.2459
2.39E+00	1.2435
2.41E+00	1.2409
2.43E+00	1.2382
2.46E+00	1.2337
2.50E+00	1.227
2.52E+00	1.2232
2.55E+00	1.2169
2.57E+00	1.2135
2.58E+00	1.2097
2.59E+00	1.2071
2.60E+00	1.2043
2.62E+00	1.1983
2.68E+00	1.1776
2.73E+00	1.1507
2.78E+00	1.1083
2.82E+00	1.0657
2.83E+00	1.0453
2.85E+00	1.0236
2.87E+00	1.0001
2.88E+00	0.9747
2.90E+00	0.9563
2.92E+00	0.9538
2.93E+00	0.9678
2.95E+00	0.9873
2.97E+00	1.0026
2.99E+00	1.018
3.00E+00	1.039
3.02E+00	1.0722
3.04E+00	1.1259
3.06E+00	1.2089
3.08E+00	1.3215
3.10E+00	1.4225
3.12E+00	1.4933
3.14E+00	1.5478
3.16E+00	1.597
3.18E+00	1.6336
3.20E+00	1.6477
3.22E+00	1.6405
3.24E+00	1.6248
3.26E+00	1.6108
3.28E+00	1.5905
3.30E+00	1.5714
3.32E+00	1.5559
3.35E+00	1.5396
3.37E+00	1.5241
3.39E+00	1.5086
3.41E+00	1.4949
3.44E+00	1.4827
3.46E+00	1.471
3.48E+00	1.4604
3.51E+00	1.4502
3.53E+00	1.4411
3.56E+00	1.4328
3.62E+00	1.4146
3.73E+00	1.3924
3.78E+00	1.385
3.85E+00	1.375
3.97E+00	1.3623
4.10E+00	1.3526
4.24E+00	1.3447
4.35E+00	1.3406
4.39E+00	1.3401
4.44E+00	1.3412
4.51E+00	1.3444
4.55E+00	1.3473
4.56E+00	1.3482
4.58E+00	1.3491
4.72E+00	1.347
4.90E+00	1.3379
5.00E+00	1.3325
5.10E+00	1.3268
5.20E+00	1.3212
5.26E+00	1.3176
5.40E+00	1.31
5.56E+00	1.3013
5.71E+00	1.2933
5.75E+00	1.2917
5.78E+00	1.2906
5.81E+00	1.2902
5.85E+00	1.2904
5.88E+00	1.2915
6.06E+00	1.3015
6.14E+00	1.3083
6.25E+00	1.3152
6.29E+00	1.3167
6.33E+00	1.3178
6.37E+00	1.3187
6.41E+00	1.3194
6.45E+00	1.3201
6.49E+00	1.3207
6.58E+00	1.3214
6.67E+00	1.3219
6.76E+00	1.3229
6.90E+00	1.3242
7.04E+00	1.3244
7.14E+00	1.3236
7.25E+00	1.3229
7.35E+00	1.3218
7.46E+00	1.32
7.58E+00	1.3183
7.69E+00	1.3158
7.81E+00	1.3123
7.94E+00	1.3086
8.07E+00	1.3047
8.20E+00	1.3007
8.33E+00	1.2964
8.48E+00	1.2917
8.70E+00	1.2835
8.93E+00	1.2735
9.09E+00	1.2655
9.26E+00	1.2561
9.52E+00	1.2387
9.80E+00	1.2151
1.00E+01	1.1926
1.02E+01	1.1659
1.03E+01	1.1501
1.04E+01	1.1323
1.05E+01	1.1136
1.06E+01	1.0971
1.08E+01	1.0867
1.09E+01	1.0833
1.10E+01	1.0886
1.11E+01	1.1023
1.14E+01	1.1439
1.16E+01	1.1983
1.19E+01	1.2546
1.22E+01	1.3194
1.25E+01	1.3822
1.28E+01	1.4412
1.30E+01	1.4683
1.32E+01	1.4928
1.33E+01	1.5132
1.35E+01	1.53
1.37E+01	1.5458
1.39E+01	1.5596
1.41E+01	1.5701
1.43E+01	1.5775
1.47E+01	1.5762
1.52E+01	1.5637
1.54E+01	1.5559
1.56E+01	1.5481
1.61E+01	1.5353
1.64E+01	1.5302
1.67E+01	1.5294
1.70E+01	1.5306
1.72E+01	1.5303
1.82E+01	1.5141
1.83E+01	1.5104
1.86E+01	1.5043
1.89E+01	1.4982
1.92E+01	1.4939
1.96E+01	1.4963
2.00E+01	1.4986
2.04E+01	1.4956
2.08E+01	1.4877
2.22E+01	1.4575
2.26E+01	1.4486
2.31E+01	1.439
2.36E+01	1.4282
2.46E+01	1.4102
2.50E+01	1.403
2.60E+01	1.3854
2.86E+01	1.3404
3.10E+01	1.2969
3.33E+01	1.2641
3.45E+01	1.253
3.56E+01	1.2445
3.70E+01	1.2371
3.82E+01	1.2317
3.96E+01	1.2243
4.11E+01	1.2054
4.28E+01	1.1742
4.36E+01	1.1549
4.46E+01	1.1496
4.55E+01	1.1853
4.62E+01	1.2543
4.67E+01	1.3474
4.74E+01	1.4725
4.80E+01	1.5874
4.88E+01	1.6841
5.00E+01	1.7505
5.13E+01	1.7649
5.28E+01	1.7668
5.35E+01	1.7687
5.42E+01	1.7792
5.50E+01	1.7955
5.57E+01	1.8052
5.64E+01	1.8041
5.70E+01	1.794
5.75E+01	1.7805
5.84E+01	1.741
5.93E+01	1.693
6.00E+01	1.661
6.10E+01	1.6419
6.13E+01	1.6396
6.25E+01	1.6372
6.38E+01	1.6471
6.47E+01	1.6596
6.56E+01	1.6754
6.66E+01	1.6945
6.76E+01	1.7167
6.90E+01	1.7466
7.05E+01	1.778
7.30E+01	1.8185
7.50E+01	1.8419
7.63E+01	1.8504
8.00E+01	1.8617
8.30E+01	1.8669
8.50E+01	1.8688
8.68E+01	1.8699
9.08E+01	1.8698
9.52E+01	1.8681
1.00E+02	1.8654
1.20E+02	1.8499
1.60E+02	1.8268
2.10E+02	1.8114
3.00E+02	1.7989
5.00E+02	1.7908
1.30E+03	1.7868
5.00E+03	1.7861
1.90E+04	1.7861
3.90E+04	1.7861
6.10E+04	1.7861
8.60E+04	1.7861
1.10E+05	1.7861
1.40E+05	1.7861
1.80E+05	1.7861
2.40E+05	1.7861
3.40E+05	1.7861
5.40E+05	1.7861
1.00E+06	1.7861
2.00E+06	1.7861
