3,251,255
6,248,255
9,245,255
12,242,255
15,239,255
19,235,255
22,232,255
25,229,255
28,226,255
31,223,255
34,220,255
38,216,255
41,213,255
44,210,255
47,207,255
50,204,255
53,201,255
57,197,255
60,194,255
63,191,255
66,188,255
69,185,255
72,182,255
76,178,255
79,175,255
82,172,255
85,169,255
88,166,255
91,163,255
95,159,255
98,156,255
101,153,255
104,150,255
107,147,255
110,144,255
114,140,255
117,137,255
120,134,255
123,131,255
126,128,255
129,125,255
133,121,255
136,118,255
139,115,255
142,112,255
145,109,255
148,106,255
152,102,255
155,99,255
158,96,255
161,93,255
164,90,255
167,87,255
171,83,255
174,80,255
177,77,255
180,74,255
183,71,255
186,68,255
190,64,255
193,61,255
196,58,255
199,55,255
202,52,255
205,49,255
209,45,255
212,42,255
215,39,255
218,36,255
221,33,255
224,30,255
228,26,255
231,23,255
234,20,255
237,17,255
240,14,255
243,11,255
247,7,255
250,4,255
253,1,255
255,1,253
255,4,250
255,7,247
255,11,243
255,14,240
255,17,237
255,20,234
255,23,231
255,26,228
255,30,224
255,33,221
255,36,218
255,39,215
255,42,212
255,45,209
255,49,205
255,52,202
255,55,199
255,58,196
255,61,193
255,64,190
255,68,186
255,71,183
255,74,180
255,77,177
255,80,174
255,83,171
255,87,167
255,90,164
255,93,161
255,96,158
255,99,155
255,102,152
255,106,148
255,109,145
255,112,142
255,115,139
255,118,136
255,121,133
255,125,129
255,128,126
255,131,123
255,134,120
255,137,117
255,140,114
255,144,110
255,147,107
255,150,104
255,153,101
255,156,98
255,159,95
255,163,91
255,166,88
255,169,85
255,172,82
255,175,79
255,178,76
255,182,72
255,185,69
255,188,66
255,191,63
255,194,60
255,197,57
255,201,53
255,204,50
255,207,47
255,210,44
255,213,41
255,216,38
255,220,34
255,223,31
255,226,28
255,229,25
255,232,22
255,235,19
255,239,15
255,242,12
255,245,9
255,248,6
255,251,3
255,255,0
