1.800000000000000000e+02 3.280000000000000000e+02 1.100000000000000000e+01
1.810000000000000000e+02 4.030000000000000000e+02 1.200000000000000000e+01
1.820000000000000000e+02 3.530000000000000000e+02 1.200000000000000000e+01
1.840000000000000000e+02 1.560000000000000000e+02 1.200000000000000000e+01
1.900000000000000000e+02 3.040000000000000000e+02 1.200000000000000000e+01
2.000000000000000000e+02 4.190000000000000000e+02 1.200000000000000000e+01
2.040000000000000000e+02 1.910000000000000000e+02 1.000000000000000000e+01
2.050000000000000000e+02 2.370000000000000000e+02 1.200000000000000000e+01
2.050000000000000000e+02 3.340000000000000000e+02 1.200000000000000000e+01
2.070000000000000000e+02 3.590000000000000000e+02 1.200000000000000000e+01
2.160000000000000000e+02 3.060000000000000000e+02 1.200000000000000000e+01
2.170000000000000000e+02 1.680000000000000000e+02 1.200000000000000000e+01
2.260000000000000000e+02 4.160000000000000000e+02 1.200000000000000000e+01
2.310000000000000000e+02 1.920000000000000000e+02 1.100000000000000000e+01
2.310000000000000000e+02 1.450000000000000000e+02 1.200000000000000000e+01
2.430000000000000000e+02 2.140000000000000000e+02 1.100000000000000000e+01
2.430000000000000000e+02 2.600000000000000000e+02 1.200000000000000000e+01
2.560000000000000000e+02 1.920000000000000000e+02 1.200000000000000000e+01
2.560000000000000000e+02 2.380000000000000000e+02 1.200000000000000000e+01
2.570000000000000000e+02 1.440000000000000000e+02 1.100000000000000000e+01
2.680000000000000000e+02 3.960000000000000000e+02 1.200000000000000000e+01
2.680000000000000000e+02 3.510000000000000000e+02 1.200000000000000000e+01
2.690000000000000000e+02 2.150000000000000000e+02 1.100000000000000000e+01
2.800000000000000000e+02 4.190000000000000000e+02 1.200000000000000000e+01
2.810000000000000000e+02 3.730000000000000000e+02 1.200000000000000000e+01
2.820000000000000000e+02 2.830000000000000000e+02 1.200000000000000000e+01
2.820000000000000000e+02 3.280000000000000000e+02 1.000000000000000000e+01
2.820000000000000000e+02 1.890000000000000000e+02 1.200000000000000000e+01
2.940000000000000000e+02 3.970000000000000000e+02 1.200000000000000000e+01
2.940000000000000000e+02 3.510000000000000000e+02 1.200000000000000000e+01
2.950000000000000000e+02 3.060000000000000000e+02 1.200000000000000000e+01
2.950000000000000000e+02 1.660000000000000000e+02 1.200000000000000000e+01
3.060000000000000000e+02 4.200000000000000000e+02 1.200000000000000000e+01
3.070000000000000000e+02 3.290000000000000000e+02 1.200000000000000000e+01
3.080000000000000000e+02 2.830000000000000000e+02 1.200000000000000000e+01
3.200000000000000000e+02 2.150000000000000000e+02 1.200000000000000000e+01
3.210000000000000000e+02 2.610000000000000000e+02 1.200000000000000000e+01
3.320000000000000000e+02 4.200000000000000000e+02 1.100000000000000000e+01
3.330000000000000000e+02 3.750000000000000000e+02 1.200000000000000000e+01
3.330000000000000000e+02 3.290000000000000000e+02 1.100000000000000000e+01
3.340000000000000000e+02 2.390000000000000000e+02 1.200000000000000000e+01
3.470000000000000000e+02 3.060000000000000000e+02 1.200000000000000000e+01
3.470000000000000000e+02 1.690000000000000000e+02 1.200000000000000000e+01
3.470000000000000000e+02 2.160000000000000000e+02 1.200000000000000000e+01
3.590000000000000000e+02 1.400000000000000000e+02 1.200000000000000000e+01
3.590000000000000000e+02 3.740000000000000000e+02 1.200000000000000000e+01
3.590000000000000000e+02 3.290000000000000000e+02 1.100000000000000000e+01
3.600000000000000000e+02 2.840000000000000000e+02 1.200000000000000000e+01
3.600000000000000000e+02 2.390000000000000000e+02 1.200000000000000000e+01
3.720000000000000000e+02 3.520000000000000000e+02 1.200000000000000000e+01
3.720000000000000000e+02 1.620000000000000000e+02 1.200000000000000000e+01
3.730000000000000000e+02 2.610000000000000000e+02 1.200000000000000000e+01
3.850000000000000000e+02 3.740000000000000000e+02 1.200000000000000000e+01
3.850000000000000000e+02 1.850000000000000000e+02 1.200000000000000000e+01
3.850000000000000000e+02 3.290000000000000000e+02 1.200000000000000000e+01
3.860000000000000000e+02 2.840000000000000000e+02 1.100000000000000000e+01
3.860000000000000000e+02 2.390000000000000000e+02 1.200000000000000000e+01
3.980000000000000000e+02 1.630000000000000000e+02 1.200000000000000000e+01
3.980000000000000000e+02 3.520000000000000000e+02 1.200000000000000000e+01
4.100000000000000000e+02 4.190000000000000000e+02 1.000000000000000000e+01
4.110000000000000000e+02 3.290000000000000000e+02 1.100000000000000000e+01
4.230000000000000000e+02 3.980000000000000000e+02 1.100000000000000000e+01
4.240000000000000000e+02 2.530000000000000000e+02 1.200000000000000000e+01
4.240000000000000000e+02 3.520000000000000000e+02 1.200000000000000000e+01
4.240000000000000000e+02 2.080000000000000000e+02 1.200000000000000000e+01
4.250000000000000000e+02 3.070000000000000000e+02 1.200000000000000000e+01
4.370000000000000000e+02 2.310000000000000000e+02 1.200000000000000000e+01
4.370000000000000000e+02 1.860000000000000000e+02 1.200000000000000000e+01
4.500000000000000000e+02 3.520000000000000000e+02 1.200000000000000000e+01
4.620000000000000000e+02 4.210000000000000000e+02 1.200000000000000000e+01
4.630000000000000000e+02 2.760000000000000000e+02 1.200000000000000000e+01
4.630000000000000000e+02 3.750000000000000000e+02 1.200000000000000000e+01
4.630000000000000000e+02 1.860000000000000000e+02 1.200000000000000000e+01
4.630000000000000000e+02 1.400000000000000000e+02 1.200000000000000000e+01
4.760000000000000000e+02 1.630000000000000000e+02 1.200000000000000000e+01
4.760000000000000000e+02 2.540000000000000000e+02 1.200000000000000000e+01
4.880000000000000000e+02 3.220000000000000000e+02 1.200000000000000000e+01
4.890000000000000000e+02 2.770000000000000000e+02 1.200000000000000000e+01
4.890000000000000000e+02 1.860000000000000000e+02 1.200000000000000000e+01
5.020000000000000000e+02 2.540000000000000000e+02 1.200000000000000000e+01
5.130000000000000000e+02 3.710000000000000000e+02 1.200000000000000000e+01
5.140000000000000000e+02 4.170000000000000000e+02 1.200000000000000000e+01
5.140000000000000000e+02 2.310000000000000000e+02 1.200000000000000000e+01
5.150000000000000000e+02 1.850000000000000000e+02 1.200000000000000000e+01
5.270000000000000000e+02 3.460000000000000000e+02 1.200000000000000000e+01
5.270000000000000000e+02 3.920000000000000000e+02 1.200000000000000000e+01
5.280000000000000000e+02 1.630000000000000000e+02 1.200000000000000000e+01
5.280000000000000000e+02 2.080000000000000000e+02 1.200000000000000000e+01
5.390000000000000000e+02 3.700000000000000000e+02 1.200000000000000000e+01
5.400000000000000000e+02 3.230000000000000000e+02 1.100000000000000000e+01
5.410000000000000000e+02 2.780000000000000000e+02 1.200000000000000000e+01
5.410000000000000000e+02 1.860000000000000000e+02 1.200000000000000000e+01
5.530000000000000000e+02 3.470000000000000000e+02 1.200000000000000000e+01
5.530000000000000000e+02 3.010000000000000000e+02 1.200000000000000000e+01
5.540000000000000000e+02 2.550000000000000000e+02 1.200000000000000000e+01
5.650000000000000000e+02 3.700000000000000000e+02 1.200000000000000000e+01
5.660000000000000000e+02 4.160000000000000000e+02 1.100000000000000000e+01
5.670000000000000000e+02 2.780000000000000000e+02 1.200000000000000000e+01
5.670000000000000000e+02 2.310000000000000000e+02 1.200000000000000000e+01
5.670000000000000000e+02 1.860000000000000000e+02 1.200000000000000000e+01
5.790000000000000000e+02 3.010000000000000000e+02 1.200000000000000000e+01
5.800000000000000000e+02 2.540000000000000000e+02 1.200000000000000000e+01
5.800000000000000000e+02 2.090000000000000000e+02 1.200000000000000000e+01
5.910000000000000000e+02 3.690000000000000000e+02 1.200000000000000000e+01
5.920000000000000000e+02 3.240000000000000000e+02 1.200000000000000000e+01
5.930000000000000000e+02 1.400000000000000000e+02 1.200000000000000000e+01
6.050000000000000000e+02 3.000000000000000000e+02 1.200000000000000000e+01
6.050000000000000000e+02 3.920000000000000000e+02 1.100000000000000000e+01
6.180000000000000000e+02 4.160000000000000000e+02 1.200000000000000000e+01
6.180000000000000000e+02 3.240000000000000000e+02 1.200000000000000000e+01
6.190000000000000000e+02 2.300000000000000000e+02 1.200000000000000000e+01
6.190000000000000000e+02 1.850000000000000000e+02 1.000000000000000000e+01
6.310000000000000000e+02 3.470000000000000000e+02 1.200000000000000000e+01
6.320000000000000000e+02 2.540000000000000000e+02 1.200000000000000000e+01
6.320000000000000000e+02 2.080000000000000000e+02 1.200000000000000000e+01
6.320000000000000000e+02 1.620000000000000000e+02 1.200000000000000000e+01
6.440000000000000000e+02 3.230000000000000000e+02 1.200000000000000000e+01
6.440000000000000000e+02 3.700000000000000000e+02 1.200000000000000000e+01
6.450000000000000000e+02 2.760000000000000000e+02 1.200000000000000000e+01
6.450000000000000000e+02 1.390000000000000000e+02 1.200000000000000000e+01
6.450000000000000000e+02 1.850000000000000000e+02 1.200000000000000000e+01
6.570000000000000000e+02 3.930000000000000000e+02 1.100000000000000000e+01
6.570000000000000000e+02 2.990000000000000000e+02 1.200000000000000000e+01
6.580000000000000000e+02 2.540000000000000000e+02 1.200000000000000000e+01
6.580000000000000000e+02 1.620000000000000000e+02 1.100000000000000000e+01
6.580000000000000000e+02 2.070000000000000000e+02 1.200000000000000000e+01
6.700000000000000000e+02 4.160000000000000000e+02 1.200000000000000000e+01
6.710000000000000000e+02 1.400000000000000000e+02 1.200000000000000000e+01
6.710000000000000000e+02 2.300000000000000000e+02 1.200000000000000000e+01
6.830000000000000000e+02 3.460000000000000000e+02 1.200000000000000000e+01
6.830000000000000000e+02 3.910000000000000000e+02 1.200000000000000000e+01
6.830000000000000000e+02 3.000000000000000000e+02 1.200000000000000000e+01
6.960000000000000000e+02 4.140000000000000000e+02 1.100000000000000000e+01
6.960000000000000000e+02 3.220000000000000000e+02 1.200000000000000000e+01
7.090000000000000000e+02 2.990000000000000000e+02 1.200000000000000000e+01
7.090000000000000000e+02 3.450000000000000000e+02 1.200000000000000000e+01
7.090000000000000000e+02 3.920000000000000000e+02 1.200000000000000000e+01
7.100000000000000000e+02 2.070000000000000000e+02 1.200000000000000000e+01
7.220000000000000000e+02 3.220000000000000000e+02 1.200000000000000000e+01
7.230000000000000000e+02 2.760000000000000000e+02 1.200000000000000000e+01
7.350000000000000000e+02 3.470000000000000000e+02 1.200000000000000000e+01
7.350000000000000000e+02 2.990000000000000000e+02 1.200000000000000000e+01
7.360000000000000000e+02 2.070000000000000000e+02 1.200000000000000000e+01
7.480000000000000000e+02 4.180000000000000000e+02 1.200000000000000000e+01
7.480000000000000000e+02 3.710000000000000000e+02 1.200000000000000000e+01
7.490000000000000000e+02 2.750000000000000000e+02 1.000000000000000000e+01
7.490000000000000000e+02 1.840000000000000000e+02 1.000000000000000000e+01
7.500000000000000000e+02 1.390000000000000000e+02 1.000000000000000000e+01
7.610000000000000000e+02 3.020000000000000000e+02 1.100000000000000000e+01
7.610000000000000000e+02 3.950000000000000000e+02 1.000000000000000000e+01
7.620000000000000000e+02 2.520000000000000000e+02 1.200000000000000000e+01
7.620000000000000000e+02 1.610000000000000000e+02 1.200000000000000000e+01
7.740000000000000000e+02 3.720000000000000000e+02 1.100000000000000000e+01
7.750000000000000000e+02 1.390000000000000000e+02 1.200000000000000000e+01
7.870000000000000000e+02 3.490000000000000000e+02 1.200000000000000000e+01
7.880000000000000000e+02 2.570000000000000000e+02 1.100000000000000000e+01
7.890000000000000000e+02 1.620000000000000000e+02 1.200000000000000000e+01
8.000000000000000000e+02 4.170000000000000000e+02 1.200000000000000000e+01
8.130000000000000000e+02 3.040000000000000000e+02 1.100000000000000000e+01
8.130000000000000000e+02 3.490000000000000000e+02 1.200000000000000000e+01
8.140000000000000000e+02 2.530000000000000000e+02 1.100000000000000000e+01
