1.461000000000000000e+03 3.930000000000000000e+02 1.200000000000000000e+01
1.435000000000000000e+03 3.900000000000000000e+02 1.200000000000000000e+01
1.377000000000000000e+03 1.420000000000000000e+02 1.200000000000000000e+01
1.239000000000000000e+03 4.150000000000000000e+02 1.100000000000000000e+01
1.337000000000000000e+03 1.620000000000000000e+02 1.200000000000000000e+01
1.282000000000000000e+03 2.520000000000000000e+02 1.200000000000000000e+01
1.324000000000000000e+03 1.850000000000000000e+02 1.100000000000000000e+01
1.140000000000000000e+03 2.270000000000000000e+02 1.200000000000000000e+01
1.176000000000000000e+03 3.420000000000000000e+02 1.200000000000000000e+01
1.203000000000000000e+03 2.970000000000000000e+02 1.200000000000000000e+01
1.256000000000000000e+03 2.530000000000000000e+02 1.200000000000000000e+01
1.299000000000000000e+03 1.390000000000000000e+02 1.200000000000000000e+01
1.325000000000000000e+03 1.390000000000000000e+02 1.200000000000000000e+01
1.413000000000000000e+03 2.570000000000000000e+02 1.200000000000000000e+01
1.319000000000000000e+03 3.690000000000000000e+02 1.200000000000000000e+01
1.359000000000000000e+03 3.020000000000000000e+02 1.200000000000000000e+01
1.193000000000000000e+03 1.830000000000000000e+02 1.200000000000000000e+01
1.244000000000000000e+03 2.300000000000000000e+02 1.200000000000000000e+01
1.255000000000000000e+03 2.990000000000000000e+02 1.200000000000000000e+01
1.296000000000000000e+03 2.290000000000000000e+02 1.200000000000000000e+01
1.362000000000000000e+03 2.100000000000000000e+02 1.200000000000000000e+01
1.281000000000000000e+03 2.990000000000000000e+02 1.100000000000000000e+01
1.351000000000000000e+03 1.400000000000000000e+02 1.100000000000000000e+01
1.363000000000000000e+03 1.640000000000000000e+02 1.100000000000000000e+01
1.150000000000000000e+03 3.420000000000000000e+02 1.200000000000000000e+01
1.190000000000000000e+03 2.740000000000000000e+02 1.200000000000000000e+01
1.217000000000000000e+03 2.750000000000000000e+02 1.200000000000000000e+01
1.268000000000000000e+03 3.210000000000000000e+02 1.200000000000000000e+01
1.310000000000000000e+03 2.070000000000000000e+02 1.200000000000000000e+01
1.311000000000000000e+03 1.620000000000000000e+02 1.200000000000000000e+01
1.331000000000000000e+03 3.920000000000000000e+02 1.200000000000000000e+01
1.459000000000000000e+03 3.670000000000000000e+02 1.100000000000000000e+01
1.151000000000000000e+03 2.970000000000000000e+02 1.200000000000000000e+01
1.152000000000000000e+03 2.510000000000000000e+02 1.200000000000000000e+01
1.180000000000000000e+03 2.050000000000000000e+02 1.200000000000000000e+01
1.218000000000000000e+03 2.290000000000000000e+02 1.200000000000000000e+01
1.333000000000000000e+03 3.010000000000000000e+02 1.200000000000000000e+01
1.369000000000000000e+03 4.160000000000000000e+02 1.200000000000000000e+01
1.411000000000000000e+03 3.040000000000000000e+02 1.200000000000000000e+01
1.317000000000000000e+03 4.140000000000000000e+02 1.200000000000000000e+01
1.168000000000000000e+03 1.370000000000000000e+02 1.100000000000000000e+01
1.232000000000000000e+03 2.070000000000000000e+02 1.100000000000000000e+01
1.460000000000000000e+03 2.910000000000000000e+02 1.100000000000000000e+01
1.194000000000000000e+03 1.360000000000000000e+02 1.200000000000000000e+01
1.255000000000000000e+03 3.460000000000000000e+02 1.200000000000000000e+01
1.360000000000000000e+03 2.560000000000000000e+02 1.200000000000000000e+01
1.383000000000000000e+03 3.940000000000000000e+02 1.200000000000000000e+01
1.385000000000000000e+03 3.480000000000000000e+02 1.200000000000000000e+01
1.403000000000000000e+03 1.440000000000000000e+02 1.200000000000000000e+01
1.155000000000000000e+03 1.590000000000000000e+02 1.100000000000000000e+01
1.189000000000000000e+03 3.680000000000000000e+02 1.100000000000000000e+01
1.233000000000000000e+03 1.600000000000000000e+02 1.100000000000000000e+01
1.401000000000000000e+03 2.330000000000000000e+02 1.100000000000000000e+01
1.345000000000000000e+03 3.700000000000000000e+02 1.100000000000000000e+01
1.139000000000000000e+03 2.740000000000000000e+02 1.200000000000000000e+01
1.177000000000000000e+03 2.970000000000000000e+02 1.200000000000000000e+01
1.190000000000000000e+03 3.190000000000000000e+02 1.200000000000000000e+01
1.215000000000000000e+03 3.240000000000000000e+02 1.200000000000000000e+01
1.228000000000000000e+03 3.470000000000000000e+02 1.200000000000000000e+01
1.241000000000000000e+03 3.700000000000000000e+02 1.200000000000000000e+01
1.258000000000000000e+03 2.060000000000000000e+02 1.200000000000000000e+01
1.279000000000000000e+03 3.920000000000000000e+02 1.200000000000000000e+01
1.285000000000000000e+03 1.610000000000000000e+02 1.200000000000000000e+01
1.335000000000000000e+03 2.540000000000000000e+02 1.200000000000000000e+01
1.230000000000000000e+03 2.520000000000000000e+02 1.100000000000000000e+01
1.322000000000000000e+03 2.310000000000000000e+02 1.100000000000000000e+01
1.200000000000000000e+03 3.920000000000000000e+02 1.200000000000000000e+01
1.206000000000000000e+03 2.060000000000000000e+02 1.200000000000000000e+01
1.243000000000000000e+03 2.760000000000000000e+02 1.200000000000000000e+01
1.280000000000000000e+03 3.460000000000000000e+02 1.200000000000000000e+01
1.336000000000000000e+03 2.090000000000000000e+02 1.200000000000000000e+01
1.461000000000000000e+03 2.650000000000000000e+02 1.200000000000000000e+01
1.291000000000000000e+03 4.150000000000000000e+02 1.200000000000000000e+01
1.141000000000000000e+03 3.940000000000000000e+02 1.100000000000000000e+01
1.164000000000000000e+03 3.190000000000000000e+02 1.100000000000000000e+01
1.181000000000000000e+03 1.600000000000000000e+02 1.100000000000000000e+01
1.221000000000000000e+03 1.370000000000000000e+02 1.100000000000000000e+01
1.409000000000000000e+03 3.940000000000000000e+02 1.100000000000000000e+01
1.428000000000000000e+03 3.270000000000000000e+02 1.100000000000000000e+01
1.457000000000000000e+03 2.130000000000000000e+02 1.100000000000000000e+01
1.171000000000000000e+03 3.900000000000000000e+02 1.200000000000000000e+01
1.178000000000000000e+03 2.510000000000000000e+02 1.200000000000000000e+01
1.202000000000000000e+03 3.460000000000000000e+02 1.200000000000000000e+01
1.247000000000000000e+03 1.380000000000000000e+02 1.200000000000000000e+01
1.284000000000000000e+03 2.060000000000000000e+02 1.200000000000000000e+01
1.320000000000000000e+03 3.240000000000000000e+02 1.200000000000000000e+01
1.372000000000000000e+03 3.250000000000000000e+02 1.200000000000000000e+01
1.371000000000000000e+03 3.710000000000000000e+02 1.200000000000000000e+01
1.385000000000000000e+03 3.030000000000000000e+02 1.200000000000000000e+01
1.204000000000000000e+03 2.520000000000000000e+02 1.100000000000000000e+01
1.307000000000000000e+03 3.000000000000000000e+02 1.100000000000000000e+01
1.350000000000000000e+03 1.870000000000000000e+02 1.100000000000000000e+01
1.375000000000000000e+03 2.330000000000000000e+02 1.100000000000000000e+01
1.400000000000000000e+03 2.800000000000000000e+02 1.100000000000000000e+01
1.429000000000000000e+03 1.440000000000000000e+02 1.100000000000000000e+01
1.229000000000000000e+03 3.000000000000000000e+02 1.200000000000000000e+01
1.241000000000000000e+03 3.230000000000000000e+02 1.200000000000000000e+01
1.259000000000000000e+03 1.600000000000000000e+02 1.200000000000000000e+01
1.270000000000000000e+03 2.290000000000000000e+02 1.200000000000000000e+01
1.297000000000000000e+03 1.840000000000000000e+02 1.200000000000000000e+01
1.322000000000000000e+03 2.770000000000000000e+02 1.200000000000000000e+01
1.348000000000000000e+03 2.790000000000000000e+02 1.200000000000000000e+01
1.402000000000000000e+03 1.880000000000000000e+02 1.200000000000000000e+01
1.413000000000000000e+03 3.470000000000000000e+02 1.200000000000000000e+01
1.458000000000000000e+03 3.180000000000000000e+02 1.200000000000000000e+01
1.165000000000000000e+03 2.740000000000000000e+02 1.100000000000000000e+01
1.207000000000000000e+03 1.610000000000000000e+02 1.100000000000000000e+01
1.220000000000000000e+03 1.830000000000000000e+02 1.100000000000000000e+01
1.246000000000000000e+03 1.830000000000000000e+02 1.100000000000000000e+01
1.265000000000000000e+03 4.150000000000000000e+02 1.100000000000000000e+01
1.344000000000000000e+03 4.150000000000000000e+02 1.100000000000000000e+01
1.416000000000000000e+03 1.670000000000000000e+02 1.100000000000000000e+01
1.159000000000000000e+03 4.130000000000000000e+02 1.200000000000000000e+01
1.163000000000000000e+03 3.650000000000000000e+02 1.200000000000000000e+01
1.193000000000000000e+03 2.290000000000000000e+02 1.200000000000000000e+01
1.215000000000000000e+03 3.690000000000000000e+02 1.200000000000000000e+01
1.213000000000000000e+03 4.140000000000000000e+02 1.200000000000000000e+01
1.272000000000000000e+03 1.380000000000000000e+02 1.200000000000000000e+01
1.332000000000000000e+03 3.470000000000000000e+02 1.200000000000000000e+01
1.376000000000000000e+03 1.880000000000000000e+02 1.200000000000000000e+01
1.398000000000000000e+03 3.260000000000000000e+02 1.200000000000000000e+01
1.449000000000000000e+03 3.430000000000000000e+02 1.200000000000000000e+01
1.460000000000000000e+03 2.390000000000000000e+02 1.200000000000000000e+01
1.167000000000000000e+03 1.820000000000000000e+02 1.100000000000000000e+01
1.269000000000000000e+03 2.760000000000000000e+02 1.100000000000000000e+01
1.271000000000000000e+03 1.830000000000000000e+02 1.100000000000000000e+01
1.294000000000000000e+03 3.230000000000000000e+02 1.100000000000000000e+01
1.308000000000000000e+03 2.550000000000000000e+02 1.100000000000000000e+01
1.455000000000000000e+03 1.440000000000000000e+02 1.100000000000000000e+01
1.295000000000000000e+03 2.770000000000000000e+02 1.200000000000000000e+01
1.306000000000000000e+03 3.460000000000000000e+02 1.200000000000000000e+01
1.346000000000000000e+03 3.250000000000000000e+02 1.200000000000000000e+01
1.359000000000000000e+03 3.470000000000000000e+02 1.200000000000000000e+01
1.389000000000000000e+03 1.660000000000000000e+02 1.200000000000000000e+01
1.388000000000000000e+03 2.110000000000000000e+02 1.200000000000000000e+01
1.442000000000000000e+03 1.660000000000000000e+02 1.200000000000000000e+01
1.154000000000000000e+03 2.050000000000000000e+02 1.100000000000000000e+01
1.185000000000000000e+03 4.120000000000000000e+02 1.100000000000000000e+01
1.227000000000000000e+03 3.920000000000000000e+02 1.100000000000000000e+01
1.253000000000000000e+03 3.930000000000000000e+02 1.100000000000000000e+01
1.374000000000000000e+03 2.790000000000000000e+02 1.100000000000000000e+01
1.426000000000000000e+03 4.140000000000000000e+02 1.100000000000000000e+01
1.429000000000000000e+03 2.780000000000000000e+02 1.100000000000000000e+01
1.293000000000000000e+03 3.680000000000000000e+02 1.200000000000000000e+01
1.435000000000000000e+03 2.270000000000000000e+02 1.100000000000000000e+01
1.438000000000000000e+03 2.530000000000000000e+02 1.100000000000000000e+01
1.458000000000000000e+03 1.860000000000000000e+02 1.100000000000000000e+01
1.267000000000000000e+03 3.690000000000000000e+02 1.100000000000000000e+01
1.387000000000000000e+03 2.560000000000000000e+02 1.100000000000000000e+01
1.396000000000000000e+03 4.160000000000000000e+02 1.100000000000000000e+01
1.399000000000000000e+03 3.700000000000000000e+02 1.100000000000000000e+01
1.431000000000000000e+03 1.900000000000000000e+02 1.100000000000000000e+01
1.451000000000000000e+03 4.180000000000000000e+02 1.100000000000000000e+01
1.357000000000000000e+03 3.930000000000000000e+02 1.000000000000000000e+01
1.348000000000000000e+03 2.330000000000000000e+02 1.200000000000000000e+01
1.415000000000000000e+03 2.110000000000000000e+02 1.000000000000000000e+01
1.437000000000000000e+03 3.030000000000000000e+02 1.000000000000000000e+01
1.433000000000000000e+03 3.640000000000000000e+02 1.200000000000000000e+01
1.304000000000000000e+03 3.920000000000000000e+02 1.100000000000000000e+01
1.166000000000000000e+03 2.280000000000000000e+02 1.000000000000000000e+01
