9.450000000000000000e+02 2.070000000000000000e+02 1.200000000000000000e+01
8.150000000000000000e+02 2.060000000000000000e+02 1.200000000000000000e+01
8.260000000000000000e+02 3.700000000000000000e+02 1.200000000000000000e+01
8.280000000000000000e+02 1.830000000000000000e+02 1.200000000000000000e+01
8.390000000000000000e+02 3.930000000000000000e+02 1.200000000000000000e+01
8.650000000000000000e+02 2.970000000000000000e+02 1.200000000000000000e+01
8.670000000000000000e+02 2.060000000000000000e+02 1.200000000000000000e+01
9.040000000000000000e+02 3.200000000000000000e+02 1.200000000000000000e+01
9.970000000000000000e+02 2.070000000000000000e+02 1.200000000000000000e+01
8.800000000000000000e+02 1.390000000000000000e+02 1.200000000000000000e+01
9.580000000000000000e+02 2.300000000000000000e+02 1.200000000000000000e+01
9.950000000000000000e+02 3.000000000000000000e+02 1.200000000000000000e+01
8.910000000000000000e+02 2.970000000000000000e+02 1.200000000000000000e+01
9.580000000000000000e+02 1.400000000000000000e+02 1.200000000000000000e+01
8.410000000000000000e+02 2.060000000000000000e+02 1.200000000000000000e+01
8.800000000000000000e+02 2.290000000000000000e+02 1.200000000000000000e+01
9.040000000000000000e+02 3.650000000000000000e+02 1.200000000000000000e+01
9.430000000000000000e+02 2.980000000000000000e+02 1.200000000000000000e+01
9.560000000000000000e+02 3.230000000000000000e+02 1.200000000000000000e+01
1.023000000000000000e+03 2.070000000000000000e+02 1.200000000000000000e+01
8.800000000000000000e+02 1.840000000000000000e+02 1.200000000000000000e+01
9.290000000000000000e+02 3.690000000000000000e+02 1.200000000000000000e+01
1.036000000000000000e+03 2.300000000000000000e+02 1.200000000000000000e+01
1.049000000000000000e+03 2.080000000000000000e+02 1.200000000000000000e+01
9.450000000000000000e+02 1.620000000000000000e+02 1.200000000000000000e+01
9.810000000000000000e+02 3.230000000000000000e+02 1.200000000000000000e+01
1.003000000000000000e+03 3.940000000000000000e+02 1.200000000000000000e+01
8.810000000000000000e+02 4.150000000000000000e+02 1.200000000000000000e+01
9.680000000000000000e+02 3.460000000000000000e+02 1.200000000000000000e+01
1.062000000000000000e+03 1.380000000000000000e+02 1.200000000000000000e+01
9.190000000000000000e+02 2.070000000000000000e+02 1.200000000000000000e+01
9.810000000000000000e+02 3.680000000000000000e+02 1.200000000000000000e+01
9.220000000000000000e+02 3.940000000000000000e+02 1.200000000000000000e+01
1.048000000000000000e+03 2.530000000000000000e+02 1.200000000000000000e+01
9.630000000000000000e+02 4.160000000000000000e+02 1.200000000000000000e+01
1.102000000000000000e+03 1.600000000000000000e+02 1.200000000000000000e+01
1.088000000000000000e+03 2.290000000000000000e+02 1.200000000000000000e+01
9.840000000000000000e+02 1.840000000000000000e+02 1.200000000000000000e+01
1.114000000000000000e+03 2.280000000000000000e+02 1.200000000000000000e+01
8.650000000000000000e+02 3.480000000000000000e+02 1.100000000000000000e+01
9.060000000000000000e+02 2.290000000000000000e+02 1.200000000000000000e+01
1.007000000000000000e+03 3.680000000000000000e+02 1.200000000000000000e+01
1.008000000000000000e+03 2.750000000000000000e+02 1.200000000000000000e+01
1.043000000000000000e+03 4.160000000000000000e+02 1.200000000000000000e+01
1.101000000000000000e+03 2.050000000000000000e+02 1.200000000000000000e+01
1.088000000000000000e+03 1.830000000000000000e+02 1.200000000000000000e+01
1.020000000000000000e+03 3.460000000000000000e+02 1.200000000000000000e+01
1.085000000000000000e+03 3.930000000000000000e+02 1.200000000000000000e+01
1.057000000000000000e+03 3.940000000000000000e+02 1.200000000000000000e+01
9.040000000000000000e+02 2.750000000000000000e+02 1.100000000000000000e+01
9.900000000000000000e+02 4.160000000000000000e+02 1.200000000000000000e+01
8.280000000000000000e+02 2.280000000000000000e+02 1.100000000000000000e+01
8.520000000000000000e+02 2.740000000000000000e+02 1.200000000000000000e+01
1.029000000000000000e+03 3.940000000000000000e+02 1.200000000000000000e+01
1.071000000000000000e+03 4.150000000000000000e+02 1.200000000000000000e+01
1.022000000000000000e+03 2.530000000000000000e+02 1.100000000000000000e+01
9.710000000000000000e+02 1.620000000000000000e+02 1.100000000000000000e+01
1.127000000000000000e+03 2.050000000000000000e+02 1.100000000000000000e+01
8.660000000000000000e+02 2.520000000000000000e+02 1.200000000000000000e+01
1.086000000000000000e+03 2.760000000000000000e+02 1.200000000000000000e+01
8.390000000000000000e+02 3.470000000000000000e+02 1.100000000000000000e+01
9.190000000000000000e+02 1.620000000000000000e+02 1.100000000000000000e+01
9.710000000000000000e+02 2.070000000000000000e+02 1.000000000000000000e+01
8.520000000000000000e+02 3.240000000000000000e+02 1.200000000000000000e+01
9.320000000000000000e+02 1.840000000000000000e+02 1.200000000000000000e+01
1.100000000000000000e+03 4.150000000000000000e+02 1.200000000000000000e+01
9.840000000000000000e+02 1.390000000000000000e+02 1.100000000000000000e+01
1.024000000000000000e+03 1.620000000000000000e+02 1.100000000000000000e+01
9.300000000000000000e+02 3.200000000000000000e+02 1.100000000000000000e+01
8.660000000000000000e+02 3.940000000000000000e+02 1.100000000000000000e+01
9.180000000000000000e+02 2.520000000000000000e+02 1.000000000000000000e+01
8.910000000000000000e+02 2.520000000000000000e+02 1.200000000000000000e+01
9.320000000000000000e+02 1.390000000000000000e+02 1.200000000000000000e+01
1.089000000000000000e+03 1.370000000000000000e+02 1.200000000000000000e+01
8.670000000000000000e+02 1.610000000000000000e+02 1.100000000000000000e+01
1.100000000000000000e+03 2.520000000000000000e+02 1.100000000000000000e+01
1.112000000000000000e+03 2.740000000000000000e+02 1.100000000000000000e+01
8.400000000000000000e+02 2.510000000000000000e+02 1.100000000000000000e+01
8.910000000000000000e+02 3.420000000000000000e+02 1.000000000000000000e+01
9.440000000000000000e+02 2.520000000000000000e+02 1.000000000000000000e+01
9.700000000000000000e+02 2.530000000000000000e+02 1.000000000000000000e+01
1.021000000000000000e+03 2.980000000000000000e+02 1.000000000000000000e+01
1.047000000000000000e+03 3.450000000000000000e+02 1.000000000000000000e+01
1.098000000000000000e+03 3.450000000000000000e+02 1.000000000000000000e+01
1.114000000000000000e+03 1.820000000000000000e+02 1.000000000000000000e+01
8.280000000000000000e+02 1.380000000000000000e+02 1.200000000000000000e+01
1.072000000000000000e+03 3.440000000000000000e+02 1.200000000000000000e+01
1.099000000000000000e+03 3.000000000000000000e+02 1.200000000000000000e+01
9.420000000000000000e+02 3.460000000000000000e+02 1.100000000000000000e+01
1.126000000000000000e+03 2.520000000000000000e+02 1.100000000000000000e+01
8.930000000000000000e+02 2.070000000000000000e+02 1.000000000000000000e+01
9.060000000000000000e+02 1.850000000000000000e+02 1.000000000000000000e+01
1.033000000000000000e+03 3.210000000000000000e+02 1.000000000000000000e+01
1.047000000000000000e+03 2.990000000000000000e+02 1.000000000000000000e+01
1.060000000000000000e+03 3.220000000000000000e+02 1.000000000000000000e+01
1.062000000000000000e+03 2.310000000000000000e+02 1.000000000000000000e+01
1.086000000000000000e+03 3.220000000000000000e+02 1.000000000000000000e+01
8.930000000000000000e+02 1.620000000000000000e+02 1.200000000000000000e+01
8.390000000000000000e+02 2.970000000000000000e+02 1.100000000000000000e+01
9.310000000000000000e+02 2.300000000000000000e+02 1.100000000000000000e+01
8.150000000000000000e+02 1.610000000000000000e+02 1.100000000000000000e+01
1.116000000000000000e+03 3.930000000000000000e+02 1.000000000000000000e+01
8.260000000000000000e+02 2.740000000000000000e+02 1.000000000000000000e+01
8.950000000000000000e+02 3.920000000000000000e+02 1.000000000000000000e+01
9.310000000000000000e+02 2.750000000000000000e+02 1.000000000000000000e+01
9.940000000000000000e+02 3.460000000000000000e+02 1.000000000000000000e+01
1.063000000000000000e+03 1.840000000000000000e+02 1.000000000000000000e+01
9.770000000000000000e+02 3.940000000000000000e+02 1.200000000000000000e+01
1.016000000000000000e+03 4.170000000000000000e+02 1.100000000000000000e+01
1.033000000000000000e+03 3.690000000000000000e+02 1.100000000000000000e+01
1.059000000000000000e+03 3.680000000000000000e+02 1.100000000000000000e+01
1.125000000000000000e+03 2.970000000000000000e+02 1.100000000000000000e+01
8.540000000000000000e+02 1.380000000000000000e+02 1.000000000000000000e+01
8.780000000000000000e+02 3.200000000000000000e+02 1.000000000000000000e+01
9.550000000000000000e+02 3.690000000000000000e+02 1.000000000000000000e+01
9.690000000000000000e+02 3.010000000000000000e+02 1.000000000000000000e+01
9.960000000000000000e+02 2.520000000000000000e+02 1.000000000000000000e+01
1.076000000000000000e+03 2.060000000000000000e+02 1.000000000000000000e+01
8.410000000000000000e+02 1.610000000000000000e+02 1.200000000000000000e+01
9.580000000000000000e+02 1.840000000000000000e+02 1.200000000000000000e+01
9.840000000000000000e+02 2.300000000000000000e+02 1.200000000000000000e+01
1.010000000000000000e+03 2.300000000000000000e+02 1.200000000000000000e+01
1.036000000000000000e+03 1.390000000000000000e+02 1.200000000000000000e+01
9.820000000000000000e+02 2.780000000000000000e+02 1.100000000000000000e+01
9.970000000000000000e+02 1.610000000000000000e+02 1.100000000000000000e+01
8.540000000000000000e+02 1.840000000000000000e+02 1.000000000000000000e+01
8.780000000000000000e+02 2.740000000000000000e+02 1.000000000000000000e+01
9.070000000000000000e+02 4.150000000000000000e+02 1.000000000000000000e+01
9.170000000000000000e+02 2.970000000000000000e+02 1.000000000000000000e+01
9.360000000000000000e+02 4.150000000000000000e+02 1.000000000000000000e+01
9.570000000000000000e+02 2.750000000000000000e+02 1.000000000000000000e+01
1.010000000000000000e+03 1.370000000000000000e+02 1.000000000000000000e+01
1.141000000000000000e+03 1.820000000000000000e+02 1.000000000000000000e+01
8.530000000000000000e+02 3.700000000000000000e+02 1.200000000000000000e+01
1.111000000000000000e+03 3.670000000000000000e+02 1.200000000000000000e+01
8.270000000000000000e+02 3.240000000000000000e+02 1.100000000000000000e+01
1.036000000000000000e+03 1.850000000000000000e+02 1.100000000000000000e+01
1.126000000000000000e+03 4.160000000000000000e+02 1.100000000000000000e+01
1.007000000000000000e+03 3.230000000000000000e+02 1.000000000000000000e+01
1.049000000000000000e+03 1.610000000000000000e+02 1.000000000000000000e+01
1.074000000000000000e+03 2.540000000000000000e+02 1.000000000000000000e+01
1.076000000000000000e+03 1.610000000000000000e+02 1.000000000000000000e+01
1.085000000000000000e+03 3.670000000000000000e+02 1.000000000000000000e+01
1.138000000000000000e+03 3.200000000000000000e+02 1.000000000000000000e+01
8.780000000000000000e+02 3.710000000000000000e+02 1.100000000000000000e+01
1.060000000000000000e+03 2.760000000000000000e+02 1.100000000000000000e+01
1.073000000000000000e+03 2.990000000000000000e+02 1.100000000000000000e+01
8.540000000000000000e+02 2.290000000000000000e+02 1.000000000000000000e+01
1.112000000000000000e+03 3.220000000000000000e+02 1.000000000000000000e+01
1.115000000000000000e+03 1.380000000000000000e+02 1.000000000000000000e+01
1.128000000000000000e+03 1.600000000000000000e+02 1.000000000000000000e+01
1.141000000000000000e+03 1.380000000000000000e+02 1.000000000000000000e+01
1.125000000000000000e+03 3.450000000000000000e+02 1.200000000000000000e+01
8.520000000000000000e+02 4.160000000000000000e+02 1.100000000000000000e+01
1.010000000000000000e+03 1.840000000000000000e+02 1.000000000000000000e+01
1.034000000000000000e+03 2.750000000000000000e+02 1.000000000000000000e+01
9.500000000000000000e+02 3.940000000000000000e+02 1.100000000000000000e+01
9.060000000000000000e+02 1.400000000000000000e+02 1.000000000000000000e+01
9.170000000000000000e+02 3.420000000000000000e+02 1.100000000000000000e+01
1.137000000000000000e+03 3.690000000000000000e+02 1.000000000000000000e+01
